[ 0.86423 0.462571 -0.197827 ]
[ -0.0761705 0.508992 0.857394 ]
[ 0.497298 -0.725917 0.47512 ]

[ -0.0234707 -0.0684727 -0.631413 ]
[ 0.865938 0.460274 -0.195703 ]
[ -0.0760344 0.507885 0.858062 ]
[ 0.494339 -0.728148 0.474794 ]

[ -0.0256106 -0.0692085 -0.632176 ]
[ 0.869017 0.455602 -0.192968 ]
[ -0.0756653 0.507791 0.858151 ]
[ 0.488963 -0.731147 0.475752 ]

[ -0.031255 -0.0698532 -0.633131 ]
[ 0.873088 0.449145 -0.189702 ]
[ -0.0760405 0.509758 0.856951 ]
[ 0.481597 -0.733768 0.479217 ]

[ -0.0367827 -0.069884 -0.635772 ]
[ 0.875553 0.445631 -0.186602 ]
[ -0.0764841 0.509224 0.857228 ]
[ 0.47703 -0.736277 0.479937 ]

[ -0.0399756 -0.0705626 -0.636558 ]
[ 0.879576 0.439791 -0.181464 ]
[ -0.0762912 0.506869 0.858641 ]
[ 0.469601 -0.741396 0.479382 ]

[ -0.0454098 -0.0730291 -0.637192 ]
[ 0.88255 0.435639 -0.176987 ]
[ -0.0770737 0.505324 0.859481 ]
[ 0.463859 -0.744894 0.47955 ]

[ -0.0487535 -0.0744047 -0.637589 ]
[ 0.883091 0.435254 -0.175224 ]
[ -0.0781596 0.504696 0.859752 ]
[ 0.462646 -0.745544 0.479712 ]

[ -0.048462 -0.0747403 -0.637353 ]
[ 0.885094 0.432548 -0.171788 ]
[ -0.0794559 0.504125 0.859968 ]
[ 0.45858 -0.747503 0.480567 ]

[ -0.0506024 -0.0745946 -0.636293 ]
[ 0.886816 0.43014 -0.168927 ]
[ -0.0822601 0.506641 0.858224 ]
[ 0.454742 -0.747191 0.484681 ]

[ -0.0524818 -0.0730113 -0.635881 ]
[ 0.887632 0.428974 -0.167601 ]
[ -0.0829735 0.506909 0.857997 ]
[ 0.453017 -0.74768 0.485542 ]

[ -0.0526304 -0.0726156 -0.635295 ]
[ 0.88911 0.425422 -0.168816 ]
[ -0.080015 0.507638 0.857847 ]
[ 0.450644 -0.749213 0.485386 ]

[ -0.0531569 -0.0733316 -0.63468 ]
[ 0.889632 0.423587 -0.170674 ]
[ -0.0776871 0.508653 0.85746 ]
[ 0.450022 -0.749564 0.485421 ]

[ -0.0523694 -0.0737628 -0.634036 ]
[ 0.88955 0.422963 -0.172635 ]
[ -0.076316 0.510163 0.856685 ]
[ 0.450418 -0.748889 0.486095 ]

[ -0.0506858 -0.0735578 -0.633564 ]
[ 0.890316 0.422287 -0.170328 ]
[ -0.0782369 0.51037 0.856389 ]
[ 0.448572 -0.749131 0.487429 ]

[ -0.051717 -0.0727946 -0.632685 ]
[ 0.890401 0.422887 -0.168384 ]
[ -0.0798178 0.509257 0.856905 ]
[ 0.448125 -0.749549 0.487197 ]

[ -0.0511593 -0.073336 -0.632113 ]
[ 0.890237 0.423466 -0.167796 ]
[ -0.0804395 0.508746 0.857151 ]
[ 0.448339 -0.74957 0.486968 ]

[ -0.0502648 -0.0739079 -0.631624 ]
[ 0.88985 0.42467 -0.166801 ]
[ -0.082068 0.508606 0.857079 ]
[ 0.448812 -0.748983 0.487434 ]

[ -0.0492091 -0.0737032 -0.630947 ]
[ 0.890255 0.424595 -0.164817 ]
[ -0.0840434 0.508794 0.856776 ]
[ 0.447641 -0.748897 0.488641 ]

[ -0.0497566 -0.0731931 -0.630167 ]
[ 0.89026 0.42483 -0.164184 ]
[ -0.0846576 0.508555 0.856858 ]
[ 0.447515 -0.748927 0.488711 ]

[ -0.0496961 -0.0729224 -0.629535 ]
[ 0.890443 0.424282 -0.164612 ]
[ -0.0838744 0.50851 0.856961 ]
[ 0.4473 -0.749268 0.488385 ]

[ -0.0495035 -0.0733505 -0.62909 ]
[ 0.890381 0.424248 -0.165031 ]
[ -0.0838401 0.509163 0.856577 ]
[ 0.447429 -0.748844 0.488918 ]

[ -0.0491832 -0.0730175 -0.628656 ]
[ 0.890432 0.424306 -0.16461 ]
[ -0.0843141 0.509218 0.856498 ]
[ 0.447239 -0.748773 0.489199 ]

[ -0.0488619 -0.0728674 -0.628769 ]
[ 0.890099 0.424843 -0.165019 ]
[ -0.0841972 0.509116 0.85657 ]
[ 0.447922 -0.748538 0.488934 ]

[ -0.0481314 -0.0727657 -0.628857 ]
[ 0.890025 0.42541 -0.163957 ]
[ -0.0852237 0.508528 0.856818 ]
[ 0.447876 -0.748616 0.488857 ]

[ -0.048564 -0.0722106 -0.628881 ]
[ 0.889834 0.426057 -0.16331 ]
[ -0.0866323 0.50916 0.856301 ]
[ 0.447984 -0.747818 0.489978 ]

[ -0.0481957 -0.0709821 -0.629217 ]
[ 0.889657 0.426277 -0.163701 ]
[ -0.0868851 0.509976 0.855789 ]
[ 0.448287 -0.747136 0.490741 ]

[ -0.0478267 -0.0698878 -0.629577 ]
[ 0.889853 0.425733 -0.16405 ]
[ -0.0863326 0.510189 0.855718 ]
[ 0.448004 -0.747301 0.490748 ]

[ -0.048092 -0.0696429 -0.63003 ]
[ 0.890205 0.425144 -0.163672 ]
[ -0.0866304 0.510701 0.855383 ]
[ 0.447248 -0.747287 0.491459 ]

[ -0.0488691 -0.0689456 -0.630498 ]
[ 0.890932 0.423798 -0.163205 ]
[ -0.0863946 0.510977 0.855242 ]
[ 0.445844 -0.747862 0.491859 ]

[ -0.0503182 -0.0685313 -0.630796 ]
[ 0.891363 0.422728 -0.163626 ]
[ -0.0856905 0.511607 0.854936 ]
[ 0.445118 -0.748037 0.492251 ]

[ -0.0509139 -0.0681891 -0.631268 ]
[ 0.892189 0.421213 -0.163028 ]
[ -0.0854733 0.511887 0.85479 ]
[ 0.443501 -0.7487 0.492702 ]

[ -0.0523505 -0.0679782 -0.631608 ]
[ 0.892919 0.419703 -0.162928 ]
[ -0.084419 0.511548 0.855097 ]
[ 0.442233 -0.749778 0.492202 ]

[ -0.0534069 -0.0686766 -0.632 ]
[ 0.893243 0.419038 -0.162862 ]
[ -0.0838362 0.511161 0.855386 ]
[ 0.441688 -0.750414 0.491722 ]

[ -0.0536061 -0.0692466 -0.632349 ]
[ 0.893485 0.418736 -0.16231 ]
[ -0.0836114 0.510201 0.855981 ]
[ 0.441241 -0.751235 0.490868 ]

[ -0.0537638 -0.0700987 -0.632589 ]
[ 0.893493 0.41875 -0.162227 ]
[ -0.083124 0.509221 0.856612 ]
[ 0.441316 -0.751892 0.489794 ]

[ -0.0531584 -0.0711373 -0.632901 ]
[ 0.89368 0.41867 -0.161408 ]
[ -0.0834812 0.508577 0.85696 ]
[ 0.440872 -0.752373 0.489456 ]

[ -0.0528088 -0.0715099 -0.633218 ]
[ 0.893297 0.41953 -0.161292 ]
[ -0.0839215 0.508223 0.857127 ]
[ 0.441563 -0.752133 0.489202 ]

[ -0.0513911 -0.0717428 -0.633565 ]
[ 0.893853 0.418186 -0.161701 ]
[ -0.0826561 0.508163 0.857286 ]
[ 0.440675 -0.752922 0.488788 ]

[ -0.0511463 -0.0724002 -0.633899 ]
[ 0.894197 0.417442 -0.161721 ]
[ -0.0819248 0.507736 0.857609 ]
[ 0.440113 -0.753622 0.488215 ]

[ -0.0506505 -0.0729844 -0.634324 ]
[ 0.894191 0.416939 -0.163049 ]
[ -0.0801073 0.50734 0.858014 ]
[ 0.440461 -0.754167 0.487059 ]

[ -0.0494549 -0.0740333 -0.634863 ]
[ 0.894009 0.417146 -0.163519 ]
[ -0.0796016 0.507027 0.858247 ]
[ 0.440922 -0.754264 0.486492 ]

[ -0.048103 -0.0744863 -0.635264 ]
[ 0.893697 0.417206 -0.165061 ]
[ -0.0782995 0.507268 0.858224 ]
[ 0.441786 -0.754068 0.486011 ]

[ -0.0464898 -0.0748977 -0.635651 ]
[ 0.89436 0.41594 -0.164665 ]
[ -0.0776187 0.506792 0.858567 ]
[ 0.440563 -0.755087 0.485539 ]

[ -0.0464819 -0.0755686 -0.635768 ]
[ 0.894511 0.415155 -0.165821 ]
[ -0.0756316 0.506116 0.859143 ]
[ 0.440602 -0.755971 0.484125 ]

[ -0.045655 -0.0767968 -0.635986 ]
[ 0.895028 0.41421 -0.165394 ]
[ -0.0751624 0.505604 0.859485 ]
[ 0.439632 -0.756832 0.483663 ]

[ -0.0455489 -0.077452 -0.636318 ]
[ 0.895969 0.412066 -0.165655 ]
[ -0.0736936 0.505769 0.859515 ]
[ 0.43796 -0.757892 0.48352 ]

[ -0.0459027 -0.0780299 -0.636665 ]
[ 0.897187 0.409353 -0.165787 ]
[ -0.0720749 0.506056 0.859484 ]
[ 0.435729 -0.759169 0.483531 ]

[ -0.0469453 -0.0785043 -0.636938 ]
[ 0.898666 0.406296 -0.165298 ]
[ -0.0702427 0.505286 0.860089 ]
[ 0.432973 -0.761321 0.482622 ]

[ -0.0483798 -0.0798033 -0.637248 ]
[ 0.900317 0.403525 -0.163085 ]
[ -0.0705545 0.505064 0.860193 ]
[ 0.429478 -0.76294 0.483188 ]

[ -0.0504029 -0.0798598 -0.637646 ]
[ 0.902119 0.400166 -0.161395 ]
[ -0.070148 0.505081 0.860216 ]
[ 0.425747 -0.764696 0.483714 ]

[ -0.0525529 -0.0801129 -0.637983 ]
[ 0.90288 0.398068 -0.162324 ]
[ -0.068183 0.505412 0.86018 ]
[ 0.424451 -0.765572 0.483468 ]

[ -0.0527313 -0.0807443 -0.638543 ]
[ 0.90335 0.396671 -0.163128 ]
[ -0.066387 0.505068 0.860522 ]
[ 0.423735 -0.766523 0.482587 ]

[ -0.0525023 -0.0817424 -0.639012 ]
[ 0.905101 0.393499 -0.161092 ]
[ -0.0661071 0.504488 0.860884 ]
[ 0.420026 -0.768538 0.482625 ]

[ -0.0545369 -0.082478 -0.639059 ]
[ 0.905832 0.39241 -0.159633 ]
[ -0.0667717 0.504354 0.860911 ]
[ 0.418342 -0.769182 0.483062 ]

[ -0.0549636 -0.0823269 -0.639135 ]
[ 0.905979 0.392172 -0.159384 ]
[ -0.0667419 0.504126 0.861047 ]
[ 0.418029 -0.769453 0.482902 ]

[ -0.0542478 -0.0825414 -0.639256 ]
[ 0.906854 0.39085 -0.157642 ]
[ -0.0673338 0.503617 0.861299 ]
[ 0.41603 -0.770458 0.483025 ]

[ -0.0547875 -0.0827803 -0.639205 ]
[ 0.90706 0.390232 -0.157989 ]
[ -0.0663837 0.503148 0.861647 ]
[ 0.415734 -0.771078 0.482291 ]

[ -0.0539768 -0.0835422 -0.639272 ]
[ 0.907597 0.388604 -0.158918 ]
[ -0.0644822 0.50305 0.861849 ]
[ 0.414862 -0.771964 0.481624 ]

[ -0.0535572 -0.0844041 -0.639174 ]
[ 0.908691 0.38615 -0.158647 ]
[ -0.0634288 0.503315 0.861772 ]
[ 0.412623 -0.773022 0.48185 ]

[ -0.0541875 -0.0846614 -0.63893 ]
[ 0.908528 0.38642 -0.15892 ]
[ -0.0637924 0.504181 0.861239 ]
[ 0.412925 -0.772322 0.482713 ]

[ -0.0530198 -0.0838821 -0.638907 ]
[ 0.909231 0.38501 -0.158324 ]
[ -0.0636681 0.504454 0.861088 ]
[ 0.411394 -0.772848 0.483178 ]

[ -0.0533407 -0.0836465 -0.638777 ]
[ 0.909855 0.383879 -0.157485 ]
[ -0.0642452 0.505308 0.860545 ]
[ 0.409923 -0.772853 0.484419 ]

[ -0.0537197 -0.0825761 -0.638697 ]
[ 0.910407 0.382996 -0.156437 ]
[ -0.065311 0.506439 0.859799 ]
[ 0.408525 -0.77255 0.48608 ]

[ -0.0539456 -0.0813508 -0.63887 ]
[ 0.911377 0.380801 -0.15615 ]
[ -0.0647364 0.507308 0.85933 ]
[ 0.40645 -0.773065 0.487 ]

[ -0.0551024 -0.0805944 -0.638826 ]
[ 0.912024 0.379553 -0.155412 ]
[ -0.0652146 0.508308 0.858703 ]
[ 0.40492 -0.773022 0.488341 ]

[ -0.0558447 -0.0795009 -0.639156 ]
[ 0.912693 0.378282 -0.154578 ]
[ -0.0648516 0.507557 0.859174 ]
[ 0.403467 -0.774138 0.487775 ]

[ -0.0565873 -0.0799203 -0.639477 ]
[ 0.913339 0.377204 -0.153391 ]
[ -0.0651182 0.507148 0.859395 ]
[ 0.401959 -0.774931 0.487761 ]

[ -0.0572128 -0.0799566 -0.639902 ]
[ 0.913334 0.377131 -0.153602 ]
[ -0.065083 0.507547 0.859162 ]
[ 0.401977 -0.774705 0.488105 ]

[ -0.0566474 -0.079416 -0.640295 ]
[ 0.913569 0.376418 -0.153951 ]
[ -0.0644481 0.507771 0.859078 ]
[ 0.401544 -0.774905 0.488143 ]

[ -0.056306 -0.0795347 -0.640796 ]
[ 0.914269 0.374843 -0.153642 ]
[ -0.0636283 0.507424 0.859344 ]
[ 0.40008 -0.775895 0.487772 ]

[ -0.0566853 -0.0801378 -0.641238 ]
[ 0.914933 0.37392 -0.151929 ]
[ -0.0649141 0.507856 0.858993 ]
[ 0.398352 -0.776058 0.488927 ]

[ -0.0572642 -0.0796797 -0.641739 ]
[ 0.916889 0.370349 -0.148849 ]
[ -0.065396 0.50727 0.859302 ]
[ 0.393749 -0.77815 0.48933 ]

[ -0.0600971 -0.0803208 -0.642163 ]
[ 0.917547 0.369421 -0.147089 ]
[ -0.0660399 0.50636 0.85979 ]
[ 0.392104 -0.779184 0.489006 ]

[ -0.0606398 -0.0813858 -0.642948 ]
[ 0.91942 0.366181 -0.14345 ]
[ -0.0665544 0.504369 0.86092 ]
[ 0.387605 -0.781999 0.488098 ]

[ -0.0632765 -0.08305 -0.643398 ]
[ 0.920941 0.36332 -0.140945 ]
[ -0.0667514 0.503398 0.861472 ]
[ 0.383942 -0.783957 0.487852 ]

[ -0.0652734 -0.0843054 -0.643986 ]
[ 0.921973 0.361658 -0.138451 ]
[ -0.0676037 0.502345 0.862021 ]
[ 0.381307 -0.7854 0.487598 ]

[ -0.0660285 -0.0852804 -0.644642 ]
[ 0.923878 0.358292 -0.13445 ]
[ -0.0689202 0.501365 0.862487 ]
[ 0.376431 -0.787566 0.487893 ]

[ -0.0684543 -0.0858741 -0.644884 ]
[ 0.924938 0.356461 -0.132006 ]
[ -0.0702325 0.501556 0.86227 ]
[ 0.373574 -0.788275 0.488943 ]

[ -0.0692067 -0.0856284 -0.645374 ]
[ 0.924946 0.356203 -0.132645 ]
[ -0.0706265 0.503958 0.860836 ]
[ 0.37348 -0.786858 0.491291 ]

[ -0.0673146 -0.0838059 -0.646038 ]
