[ 0.86423 0.462571 -0.197827 ]
[ -0.0761705 0.508992 0.857394 ]
[ 0.497298 -0.725917 0.47512 ]

[ -0.0234707 -0.0684727 -0.631413 ]
[ 0.865938 0.460274 -0.195703 ]
[ -0.0760344 0.507885 0.858062 ]
[ 0.494339 -0.728148 0.474794 ]

[ -0.0256106 -0.0692085 -0.632176 ]
[ 0.869017 0.455602 -0.192968 ]
[ -0.0756653 0.507791 0.858151 ]
[ 0.488963 -0.731147 0.475752 ]

[ -0.031255 -0.0698532 -0.633131 ]
[ 0.873088 0.449145 -0.189702 ]
[ -0.0760405 0.509758 0.856951 ]
[ 0.481597 -0.733768 0.479217 ]

[ -0.0367827 -0.069884 -0.635772 ]
[ 0.875651 0.445347 -0.186816 ]
[ -0.076282 0.509516 0.857073 ]
[ 0.476881 -0.736246 0.480131 ]

[ -0.0399422 -0.0705181 -0.636715 ]
[ 0.872588 0.445538 -0.200217 ]
[ -0.0680018 0.51671 0.853456 ]
[ 0.483701 -0.7311 0.481172 ]

[ -0.0442681 -0.0711446 -0.629758 ]
[ 0.881778 0.436305 -0.179182 ]
[ -0.0751889 0.505061 0.859802 ]
[ 0.465633 -0.744682 0.478157 ]

[ -0.0485855 -0.0737273 -0.63549 ]
[ 0.881819 0.436579 -0.178311 ]
[ -0.0757756 0.504368 0.860158 ]
[ 0.465461 -0.744991 0.477843 ]

[ -0.0485018 -0.073999 -0.635091 ]
[ 0.883426 0.434383 -0.1757 ]
[ -0.0767393 0.504031 0.860269 ]
[ 0.462244 -0.746501 0.478609 ]

[ -0.0507721 -0.0738641 -0.63412 ]
[ 0.884687 0.43303 -0.172666 ]
[ -0.0794457 0.505005 0.859452 ]
[ 0.459366 -0.746629 0.481174 ]

[ -0.0527087 -0.0722043 -0.633277 ]
[ 0.884983 0.432603 -0.172219 ]
[ -0.0798866 0.505453 0.859148 ]
[ 0.458719 -0.746574 0.481876 ]

[ -0.0529707 -0.0717992 -0.632495 ]
[ 0.885921 0.429835 -0.174317 ]
[ -0.0765751 0.506194 0.859013 ]
[ 0.457472 -0.747669 0.481363 ]

[ -0.0536313 -0.0724916 -0.631687 ]
[ 0.885867 0.428882 -0.176919 ]
[ -0.0740022 0.507084 0.858714 ]
[ 0.458 -0.747614 0.480947 ]

[ -0.0529889 -0.0728771 -0.630783 ]
[ 0.88535 0.429526 -0.177942 ]
[ -0.0738336 0.507769 0.858323 ]
[ 0.459025 -0.746778 0.481267 ]

[ -0.0515124 -0.0725416 -0.630401 ]
[ 0.886109 0.428711 -0.176119 ]
[ -0.0753648 0.508218 0.857924 ]
[ 0.457308 -0.746941 0.482646 ]

[ -0.0525363 -0.0717431 -0.62953 ]
[ 0.885645 0.430274 -0.174634 ]
[ -0.0768479 0.506694 0.858694 ]
[ 0.45796 -0.747078 0.481817 ]

[ -0.0521082 -0.0722199 -0.628886 ]
[ 0.885286 0.431236 -0.174083 ]
[ -0.0774647 0.505848 0.859137 ]
[ 0.458551 -0.747096 0.481226 ]

[ -0.0513545 -0.0726736 -0.62828 ]
[ 0.884438 0.433176 -0.173576 ]
[ -0.0789528 0.505493 0.859211 ]
[ 0.459931 -0.746214 0.481278 ]

[ -0.0503941 -0.0724122 -0.627515 ]
[ 0.884771 0.433186 -0.171843 ]
[ -0.0806632 0.505526 0.859032 ]
[ 0.458992 -0.746186 0.482217 ]

[ -0.0509464 -0.0717877 -0.626742 ]
[ 0.884784 0.433366 -0.171324 ]
[ -0.08138 0.505689 0.858869 ]
[ 0.458841 -0.745971 0.482693 ]

[ -0.0509286 -0.0715445 -0.626352 ]
[ 0.884558 0.433727 -0.171575 ]
[ -0.0809264 0.504981 0.859329 ]
[ 0.459356 -0.746241 0.481785 ]

[ -0.0507026 -0.0720019 -0.626093 ]
[ 0.884495 0.433771 -0.171787 ]
[ -0.0811332 0.505606 0.858941 ]
[ 0.45944 -0.745792 0.4824 ]

[ -0.0504778 -0.0716592 -0.625774 ]
[ 0.884359 0.434051 -0.171783 ]
[ -0.0813732 0.505703 0.858861 ]
[ 0.459661 -0.745563 0.482543 ]

[ -0.0501778 -0.0714516 -0.625654 ]
[ 0.883894 0.434772 -0.172353 ]
[ -0.0812812 0.505717 0.858862 ]
[ 0.460571 -0.745133 0.482339 ]

[ -0.0494881 -0.0713785 -0.625592 ]
[ 0.884061 0.434833 -0.171339 ]
[ -0.0823106 0.505726 0.858759 ]
[ 0.460067 -0.745092 0.482884 ]

[ -0.0498537 -0.0709126 -0.625749 ]
[ 0.883731 0.435612 -0.171061 ]
[ -0.0836422 0.506649 0.858086 ]
[ 0.460461 -0.744009 0.484177 ]

[ -0.0495044 -0.0697302 -0.626017 ]
[ 0.883463 0.435935 -0.171621 ]
[ -0.0840547 0.507861 0.857329 ]
[ 0.460899 -0.742992 0.485319 ]

[ -0.0491585 -0.0687304 -0.626342 ]
[ 0.883698 0.435337 -0.171927 ]
[ -0.0835836 0.508193 0.857178 ]
[ 0.460533 -0.743116 0.485476 ]

[ -0.0493902 -0.0685159 -0.626702 ]
[ 0.884188 0.4345 -0.171528 ]
[ -0.0838862 0.508913 0.856721 ]
[ 0.459538 -0.743113 0.486423 ]

[ -0.0501291 -0.0678747 -0.627099 ]
[ 0.885205 0.432704 -0.170819 ]
[ -0.0837695 0.509457 0.856409 ]
[ 0.457596 -0.743788 0.487222 ]

[ -0.0515135 -0.0675227 -0.627454 ]
[ 0.885723 0.431463 -0.171273 ]
[ -0.083043 0.510269 0.855996 ]
[ 0.456726 -0.743953 0.487787 ]

[ -0.0520822 -0.0672242 -0.627819 ]
[ 0.886735 0.429731 -0.170389 ]
[ -0.0829742 0.510553 0.855833 ]
[ 0.45477 -0.74476 0.488382 ]

[ -0.0534884 -0.0670419 -0.628185 ]
[ 0.887564 0.428098 -0.170185 ]
[ -0.0818678 0.510108 0.856205 ]
[ 0.453352 -0.746004 0.487801 ]

[ -0.0545255 -0.0677523 -0.628469 ]
[ 0.887822 0.427599 -0.170091 ]
[ -0.0813104 0.509558 0.856586 ]
[ 0.452946 -0.746666 0.487165 ]

[ -0.0547678 -0.0683095 -0.628647 ]
[ 0.88797 0.427519 -0.169521 ]
[ -0.0811016 0.50839 0.857299 ]
[ 0.452695 -0.747507 0.486107 ]

[ -0.0549476 -0.0691313 -0.628741 ]
[ 0.887721 0.427968 -0.169692 ]
[ -0.0804744 0.507161 0.858086 ]
[ 0.453294 -0.748085 0.484658 ]

[ -0.0544239 -0.070118 -0.628724 ]
[ 0.887613 0.428443 -0.169056 ]
[ -0.0808907 0.506343 0.85853 ]
[ 0.453431 -0.748367 0.484094 ]

[ -0.0541761 -0.0704848 -0.628802 ]
[ 0.886828 0.429964 -0.169316 ]
[ -0.081243 0.50577 0.858834 ]
[ 0.454902 -0.747882 0.483462 ]

[ -0.0528841 -0.0706654 -0.628822 ]
[ 0.887006 0.429348 -0.169942 ]
[ -0.0800458 0.505432 0.859146 ]
[ 0.454766 -0.748464 0.482689 ]

[ -0.0527502 -0.0713071 -0.628873 ]
[ 0.887047 0.429002 -0.170601 ]
[ -0.0789438 0.505023 0.859488 ]
[ 0.454879 -0.748938 0.481847 ]

[ -0.0523584 -0.0718625 -0.628887 ]
[ 0.886686 0.429138 -0.172128 ]
[ -0.0771889 0.504433 0.859993 ]
[ 0.455883 -0.749258 0.480399 ]

[ -0.0513062 -0.0728835 -0.628998 ]
[ 0.88596 0.430056 -0.173571 ]
[ -0.0762415 0.50424 0.860192 ]
[ 0.457452 -0.748862 0.479524 ]

[ -0.0500153 -0.0733007 -0.629048 ]
[ 0.885255 0.430746 -0.175446 ]
[ -0.0749173 0.50435 0.860243 ]
[ 0.459033 -0.748391 0.478749 ]

[ -0.0485428 -0.073687 -0.62912 ]
[ 0.885525 0.430075 -0.175731 ]
[ -0.0739342 0.503878 0.860605 ]
[ 0.458672 -0.749095 0.477993 ]

[ -0.0486028 -0.0743174 -0.628964 ]
[ 0.885363 0.429745 -0.177348 ]
[ -0.0717441 0.503204 0.861184 ]
[ 0.459332 -0.749737 0.47635 ]

[ -0.04786 -0.075514 -0.628895 ]
[ 0.885551 0.429344 -0.177377 ]
[ -0.0710861 0.502579 0.861604 ]
[ 0.45907 -0.750385 0.47558 ]

[ -0.0478391 -0.0761204 -0.628856 ]
[ 0.8862 0.427724 -0.178048 ]
[ -0.0694607 0.502619 0.861713 ]
[ 0.458066 -0.751283 0.475131 ]

[ -0.0482804 -0.0766795 -0.628932 ]
[ 0.887331 0.425353 -0.178096 ]
[ -0.0680156 0.502714 0.861773 ]
[ 0.45609 -0.752564 0.475004 ]

[ -0.0493938 -0.0771355 -0.628967 ]
[ 0.888536 0.422904 -0.177923 ]
[ -0.0661124 0.501762 0.862476 ]
[ 0.454019 -0.754577 0.473792 ]

[ -0.0508296 -0.0784096 -0.628998 ]
[ 0.890063 0.420422 -0.176164 ]
[ -0.0662146 0.501608 0.862557 ]
[ 0.451004 -0.756065 0.4743 ]

[ -0.052866 -0.0784562 -0.629078 ]
[ 0.891741 0.417424 -0.174802 ]
[ -0.0656707 0.501535 0.862641 ]
[ 0.447756 -0.757773 0.474652 ]

[ -0.0550255 -0.078692 -0.629107 ]
[ 0.892286 0.415846 -0.175776 ]
[ -0.0638226 0.501619 0.862731 ]
[ 0.446936 -0.758585 0.474128 ]

[ -0.0552911 -0.0792969 -0.629322 ]
[ 0.892524 0.415052 -0.176448 ]
[ -0.0622944 0.500938 0.863238 ]
[ 0.446678 -0.759469 0.472955 ]

[ -0.0551866 -0.080278 -0.6295 ]
[ 0.894038 0.412155 -0.175571 ]
[ -0.0611545 0.500519 0.863563 ]
[ 0.443798 -0.761321 0.472688 ]

[ -0.057168 -0.0809434 -0.62918 ]
[ 0.894531 0.411694 -0.174132 ]
[ -0.0620871 0.500207 0.863677 ]
[ 0.442673 -0.761775 0.473012 ]

[ -0.0577152 -0.0807931 -0.629169 ]
[ 0.894217 0.412236 -0.174464 ]
[ -0.0619292 0.499928 0.86385 ]
[ 0.44333 -0.761664 0.472574 ]

[ -0.0570784 -0.0809704 -0.628964 ]
[ 0.89475 0.411621 -0.173179 ]
[ -0.0624636 0.499346 0.864148 ]
[ 0.442178 -0.762379 0.472501 ]

[ -0.0577121 -0.0811648 -0.628744 ]
[ 0.894499 0.411763 -0.174134 ]
[ -0.0612954 0.498777 0.86456 ]
[ 0.442848 -0.762674 0.471395 ]

[ -0.0569924 -0.0818766 -0.6285 ]
[ 0.894728 0.410831 -0.175158 ]
[ -0.0595718 0.498471 0.864857 ]
[ 0.442621 -0.763378 0.470469 ]

[ -0.0567301 -0.0826903 -0.628251 ]
[ 0.895447 0.408996 -0.175777 ]
[ -0.0581182 0.49888 0.86472 ]
[ 0.441359 -0.764095 0.47049 ]

[ -0.0573691 -0.0829246 -0.627883 ]
[ 0.894863 0.409829 -0.176807 ]
[ -0.0582373 0.499946 0.864096 ]
[ 0.442525 -0.762951 0.47125 ]

[ -0.0562807 -0.0821399 -0.627734 ]
[ 0.895294 0.408877 -0.176826 ]
[ -0.0579244 0.500418 0.863844 ]
[ 0.441693 -0.763152 0.471706 ]

[ -0.056647 -0.0818989 -0.627489 ]
[ 0.895782 0.408209 -0.175898 ]
[ -0.0589839 0.501393 0.863207 ]
[ 0.440563 -0.76287 0.473216 ]

[ -0.0571624 -0.0808944 -0.627533 ]
[ 0.896053 0.407849 -0.175354 ]
[ -0.0600305 0.502672 0.86239 ]
[ 0.43987 -0.76222 0.474904 ]

[ -0.0574486 -0.0796721 -0.627574 ]
[ 0.897048 0.405866 -0.174863 ]
[ -0.05989 0.503674 0.861815 ]
[ 0.437855 -0.762617 0.476127 ]

[ -0.0586221 -0.0789884 -0.627491 ]
[ 0.89751 0.404621 -0.175379 ]
[ -0.0594996 0.505159 0.860973 ]
[ 0.436962 -0.762297 0.47746 ]

[ -0.0592573 -0.0779265 -0.627353 ]
[ 0.898195 0.403471 -0.174519 ]
[ -0.0593195 0.504609 0.861308 ]
[ 0.435577 -0.76327 0.477171 ]

[ -0.0600743 -0.078384 -0.627715 ]
[ 0.898711 0.402752 -0.173521 ]
[ -0.0596005 0.504178 0.861541 ]
[ 0.434473 -0.763934 0.477114 ]

[ -0.0607393 -0.0784318 -0.627779 ]
[ 0.898486 0.403095 -0.173891 ]
[ -0.0598265 0.504837 0.861139 ]
[ 0.434907 -0.763318 0.477705 ]

[ -0.0602579 -0.0779354 -0.628051 ]
[ 0.898417 0.402826 -0.174864 ]
[ -0.0588536 0.50505 0.861081 ]
[ 0.435181 -0.763319 0.477454 ]

[ -0.0599388 -0.0780493 -0.628241 ]
[ 0.89896 0.401751 -0.174548 ]
[ -0.0582234 0.504542 0.861422 ]
[ 0.434144 -0.764221 0.476954 ]

[ -0.0604126 -0.0786254 -0.628402 ]
[ 0.899397 0.401346 -0.173223 ]
[ -0.0593602 0.504735 0.861231 ]
[ 0.433084 -0.764306 0.477781 ]

[ -0.061043 -0.0781289 -0.628596 ]
[ 0.901377 0.398322 -0.16988 ]
[ -0.0600533 0.503492 0.86191 ]
[ 0.428851 -0.766704 0.477757 ]

[ -0.0638972 -0.078729 -0.628604 ]
[ 0.90179 0.397966 -0.168519 ]
[ -0.0602694 0.501927 0.862807 ]
[ 0.427952 -0.767914 0.476618 ]

[ -0.0644957 -0.0797281 -0.628916 ]
[ 0.903598 0.395432 -0.164756 ]
[ -0.0609032 0.499278 0.864299 ]
[ 0.42403 -0.770944 0.475229 ]

[ -0.0671876 -0.0812782 -0.628921 ]
[ 0.905014 0.393019 -0.162743 ]
[ -0.0605837 0.49777 0.865191 ]
[ 0.421045 -0.77315 0.474299 ]

[ -0.0691837 -0.0824663 -0.629028 ]
[ 0.905454 0.392233 -0.162191 ]
[ -0.0600412 0.496648 0.865873 ]
[ 0.420176 -0.77427 0.473242 ]

[ -0.0700895 -0.083372 -0.628797 ]
[ 0.907068 0.389717 -0.159212 ]
[ -0.060792 0.495481 0.866489 ]
[ 0.416572 -0.776285 0.473127 ]

[ -0.0726396 -0.0839308 -0.628772 ]
[ 0.907616 0.388885 -0.158118 ]
[ -0.0614331 0.495633 0.866357 ]
[ 0.415281 -0.776606 0.473735 ]

[ -0.0734992 -0.0836704 -0.628917 ]
[ 0.906912 0.3897 -0.160142 ]
[ -0.0613966 0.498277 0.864841 ]
[ 0.416823 -0.774502 0.47582 ]

[ -0.0718224 -0.0818592 -0.629194 ]
