[ 0.86423 0.462571 -0.197827 ]
[ -0.0761705 0.508992 0.857394 ]
[ 0.497298 -0.725917 0.47512 ]

[ -0.0234707 -0.0684727 -0.631413 ]
[ 0.865938 0.460274 -0.195703 ]
[ -0.0760344 0.507885 0.858062 ]
[ 0.494339 -0.728148 0.474794 ]

[ -0.0256106 -0.0692085 -0.632176 ]
[ 0.869092 0.455463 -0.192958 ]
[ -0.0754622 0.507605 0.858279 ]
[ 0.488861 -0.731362 0.475526 ]

[ -0.0312788 -0.0698008 -0.633002 ]
[ 0.872991 0.449642 -0.188966 ]
[ -0.0760489 0.508184 0.857884 ]
[ 0.48177 -0.734555 0.477835 ]

[ -0.0361845 -0.0696338 -0.634111 ]
[ 0.875603 0.445727 -0.186136 ]
[ -0.0760496 0.507754 0.858139 ]
[ 0.477007 -0.737234 0.478488 ]

[ -0.0396584 -0.0702011 -0.634954 ]
[ 0.879078 0.440491 -0.182177 ]
[ -0.0751437 0.505462 0.859571 ]
[ 0.470717 -0.741941 0.47744 ]

[ -0.0450954 -0.0725677 -0.635082 ]
[ 0.882178 0.43613 -0.177628 ]
[ -0.0757348 0.503683 0.860562 ]
[ 0.464786 -0.745717 0.477369 ]

[ -0.0485138 -0.073835 -0.63565 ]
[ 0.882446 0.435958 -0.176721 ]
[ -0.0763051 0.503352 0.860706 ]
[ 0.464184 -0.746041 0.477447 ]

[ -0.0483591 -0.0741404 -0.635551 ]
[ 0.884377 0.433459 -0.173177 ]
[ -0.0779358 0.502923 0.86081 ]
[ 0.460221 -0.747784 0.478556 ]

[ -0.0506822 -0.0740286 -0.635024 ]
[ 0.885943 0.431783 -0.169319 ]
[ -0.0811005 0.503675 0.860078 ]
[ 0.456649 -0.748248 0.481245 ]

[ -0.0526342 -0.0723695 -0.634423 ]
[ 0.886408 0.431213 -0.168334 ]
[ -0.0818363 0.503898 0.859878 ]
[ 0.455613 -0.748427 0.481948 ]

[ -0.0529155 -0.071956 -0.633778 ]
[ 0.887615 0.428228 -0.169589 ]
[ -0.0790686 0.504408 0.859837 ]
[ 0.453749 -0.749795 0.48158 ]

[ -0.0536009 -0.0726513 -0.633171 ]
[ 0.887806 0.42702 -0.171623 ]
[ -0.0768105 0.505173 0.859593 ]
[ 0.453763 -0.749969 0.481295 ]

[ -0.0529638 -0.0730305 -0.632474 ]
[ 0.887423 0.426925 -0.173824 ]
[ -0.075429 0.506506 0.858931 ]
[ 0.454742 -0.749124 0.481688 ]

[ -0.0514431 -0.0727947 -0.632077 ]
[ 0.888369 0.425913 -0.171462 ]
[ -0.0772832 0.506837 0.85857 ]
[ 0.45258 -0.749476 0.483174 ]

[ -0.0525147 -0.0720387 -0.631418 ]
[ 0.888208 0.426972 -0.169653 ]
[ -0.0788887 0.505506 0.859209 ]
[ 0.452618 -0.749773 0.482678 ]

[ -0.0521098 -0.0725246 -0.630886 ]
[ 0.887877 0.427848 -0.169179 ]
[ -0.0794414 0.504759 0.859597 ]
[ 0.453171 -0.749777 0.482152 ]

[ -0.0513262 -0.0730349 -0.630424 ]
[ 0.887211 0.429544 -0.16837 ]
[ -0.0810259 0.504335 0.859698 ]
[ 0.454193 -0.749092 0.482255 ]

[ -0.0503929 -0.0727889 -0.629778 ]
[ 0.887541 0.429653 -0.16634 ]
[ -0.0829798 0.504203 0.859589 ]
[ 0.453194 -0.749118 0.483154 ]

[ -0.0509761 -0.0722189 -0.629037 ]
[ 0.887771 0.429418 -0.165719 ]
[ -0.083628 0.504523 0.859338 ]
[ 0.452625 -0.749037 0.483813 ]

[ -0.0509475 -0.0719811 -0.628664 ]
[ 0.887776 0.429172 -0.166331 ]
[ -0.0827978 0.504384 0.8595 ]
[ 0.452768 -0.749272 0.483315 ]

[ -0.0508025 -0.0724039 -0.62819 ]
[ 0.887722 0.429196 -0.166555 ]
[ -0.0829286 0.504933 0.859165 ]
[ 0.452849 -0.748888 0.483833 ]

[ -0.050526 -0.0720629 -0.627927 ]
[ 0.88758 0.429538 -0.166428 ]
[ -0.0832886 0.504974 0.859107 ]
[ 0.453061 -0.748665 0.48398 ]

[ -0.0502359 -0.0718807 -0.627859 ]
[ 0.887168 0.430213 -0.166884 ]
[ -0.0832505 0.504942 0.859129 ]
[ 0.453875 -0.748298 0.483784 ]

[ -0.0495508 -0.0718128 -0.627937 ]
[ 0.887313 0.430345 -0.165766 ]
[ -0.0843373 0.504813 0.859099 ]
[ 0.45339 -0.74831 0.484221 ]

[ -0.0499427 -0.0713363 -0.628032 ]
[ 0.887015 0.431189 -0.165168 ]
[ -0.0858076 0.505408 0.858604 ]
[ 0.453698 -0.747422 0.485303 ]

[ -0.0495997 -0.0701463 -0.628303 ]
[ 0.886781 0.431499 -0.165616 ]
[ -0.0862264 0.506489 0.857924 ]
[ 0.454076 -0.74651 0.486351 ]

[ -0.0492463 -0.0691145 -0.62868 ]
[ 0.886965 0.430976 -0.165992 ]
[ -0.0857355 0.506822 0.857776 ]
[ 0.453809 -0.746586 0.486484 ]

[ -0.0494951 -0.068908 -0.629097 ]
[ 0.887381 0.430273 -0.16559 ]
[ -0.0860603 0.507448 0.857374 ]
[ 0.452933 -0.746567 0.487329 ]

[ -0.0502198 -0.0682537 -0.629518 ]
[ 0.88827 0.428679 -0.164957 ]
[ -0.0859484 0.507913 0.85711 ]
[ 0.451209 -0.747167 0.488008 ]

[ -0.0516126 -0.0678855 -0.629813 ]
[ 0.888696 0.427586 -0.165499 ]
[ -0.0852003 0.508681 0.856729 ]
[ 0.450511 -0.747271 0.488493 ]

[ -0.0521801 -0.0675765 -0.630231 ]
[ 0.889608 0.425966 -0.164774 ]
[ -0.0849797 0.508849 0.856651 ]
[ 0.448749 -0.748081 0.488875 ]

[ -0.0535682 -0.0673837 -0.630532 ]
[ 0.890385 0.424378 -0.164675 ]
[ -0.0839026 0.508558 0.85693 ]
[ 0.447409 -0.749181 0.488419 ]

[ -0.0546083 -0.0680722 -0.630862 ]
[ 0.890625 0.423869 -0.164687 ]
[ -0.0833004 0.508102 0.857259 ]
[ 0.447043 -0.749778 0.487837 ]

[ -0.0548393 -0.0686348 -0.631111 ]
[ 0.890874 0.423552 -0.164156 ]
[ -0.0830239 0.507113 0.857871 ]
[ 0.446599 -0.750626 0.486939 ]

[ -0.0550252 -0.0694681 -0.631416 ]
[ 0.890713 0.423833 -0.164302 ]
[ -0.0824151 0.506031 0.858569 ]
[ 0.447032 -0.751198 0.485659 ]

[ -0.0545 -0.0704877 -0.631654 ]
[ 0.890741 0.424062 -0.163559 ]
[ -0.0828072 0.505247 0.858993 ]
[ 0.446904 -0.751596 0.48516 ]

[ -0.0542435 -0.070852 -0.631911 ]
[ 0.890114 0.425341 -0.163651 ]
[ -0.0832119 0.504738 0.859253 ]
[ 0.448076 -0.751216 0.484668 ]

[ -0.0529687 -0.0710612 -0.632254 ]
[ 0.890526 0.424341 -0.164006 ]
[ -0.0821284 0.504539 0.859474 ]
[ 0.447457 -0.751914 0.484156 ]

[ -0.0528448 -0.0716986 -0.632502 ]
[ 0.890547 0.424006 -0.164758 ]
[ -0.0809892 0.504193 0.859785 ]
[ 0.447623 -0.752335 0.483348 ]

[ -0.0524507 -0.0722849 -0.632706 ]
[ 0.890035 0.424129 -0.16719 ]
[ -0.0786337 0.504055 0.860084 ]
[ 0.44906 -0.752358 0.481978 ]

[ -0.051324 -0.0733159 -0.632937 ]
[ 0.889544 0.425021 -0.167537 ]
[ -0.0784323 0.503355 0.860513 ]
[ 0.450067 -0.752323 0.481092 ]

[ -0.0501663 -0.0737668 -0.633215 ]
[ 0.888938 0.425613 -0.169242 ]
[ -0.0771993 0.50344 0.860574 ]
[ 0.451475 -0.751932 0.480384 ]

[ -0.0487103 -0.0741722 -0.633475 ]
[ 0.889311 0.424839 -0.169226 ]
[ -0.076425 0.502921 0.860947 ]
[ 0.450871 -0.752717 0.479721 ]

[ -0.0488078 -0.0748325 -0.633553 ]
[ 0.889204 0.424534 -0.170551 ]
[ -0.0744682 0.502109 0.861592 ]
[ 0.45141 -0.75343 0.478092 ]

[ -0.0481052 -0.0760456 -0.633622 ]
[ 0.889468 0.424071 -0.170323 ]
[ -0.0739821 0.501403 0.862045 ]
[ 0.450969 -0.754161 0.477356 ]

[ -0.0481182 -0.0766805 -0.63379 ]
[ 0.890137 0.422385 -0.171016 ]
[ -0.0723494 0.501524 0.862113 ]
[ 0.449912 -0.755026 0.476985 ]

[ -0.0485708 -0.0772376 -0.633974 ]
[ 0.891306 0.419911 -0.171022 ]
[ -0.0708665 0.501582 0.862203 ]
[ 0.44783 -0.756367 0.476821 ]

[ -0.0496702 -0.0777261 -0.63414 ]
[ 0.892638 0.41722 -0.170661 ]
[ -0.069031 0.500651 0.862893 ]
[ 0.445458 -0.75847 0.475701 ]

[ -0.0511575 -0.0790145 -0.63429 ]
[ 0.89418 0.414696 -0.168727 ]
[ -0.0692547 0.500453 0.86299 ]
[ 0.442319 -0.759983 0.476214 ]

[ -0.0532299 -0.0790666 -0.63451 ]
[ 0.895883 0.411666 -0.167105 ]
[ -0.0688723 0.500249 0.863138 ]
[ 0.438919 -0.761762 0.476517 ]

[ -0.0554454 -0.0793102 -0.634618 ]
[ 0.896458 0.409957 -0.16822 ]
[ -0.0668804 0.500443 0.863182 ]
[ 0.438053 -0.762556 0.476044 ]

[ -0.0556935 -0.0799357 -0.634943 ]
[ 0.896732 0.408956 -0.169196 ]
[ -0.0650603 0.499956 0.863603 ]
[ 0.437766 -0.763413 0.474933 ]

[ -0.0555707 -0.0809252 -0.635262 ]
[ 0.898349 0.4062 -0.167245 ]
[ -0.0647921 0.499083 0.864128 ]
[ 0.434478 -0.765453 0.474669 ]

[ -0.0576896 -0.0816196 -0.635136 ]
[ 0.898876 0.405539 -0.166015 ]
[ -0.0654907 0.498923 0.864168 ]
[ 0.433282 -0.765907 0.475029 ]

[ -0.0582165 -0.0814696 -0.635124 ]
[ 0.898718 0.405872 -0.166057 ]
[ -0.0654887 0.49864 0.864332 ]
[ 0.43361 -0.765915 0.474717 ]

[ -0.0576324 -0.08167 -0.635153 ]
[ 0.899339 0.405051 -0.164689 ]
[ -0.0659918 0.498069 0.864623 ]
[ 0.432243 -0.766721 0.474663 ]

[ -0.0582992 -0.0818709 -0.634966 ]
[ 0.899225 0.405053 -0.165306 ]
[ -0.0650492 0.497446 0.865053 ]
[ 0.432623 -0.767124 0.473665 ]

[ -0.0576337 -0.0826095 -0.63491 ]
[ 0.899474 0.403985 -0.166561 ]
[ -0.0631043 0.497262 0.865303 ]
[ 0.432394 -0.767806 0.472767 ]

[ -0.0573437 -0.0834428 -0.634749 ]
[ 0.900371 0.40195 -0.166639 ]
[ -0.0619539 0.497491 0.865254 ]
[ 0.43069 -0.768726 0.472829 ]

[ -0.0580789 -0.0836835 -0.634407 ]
[ 0.899923 0.402654 -0.167356 ]
[ -0.0622152 0.498443 0.864687 ]
[ 0.431587 -0.76774 0.473611 ]

[ -0.0570262 -0.0829075 -0.634333 ]
[ 0.900417 0.4017 -0.166994 ]
[ -0.0621662 0.498741 0.864519 ]
[ 0.430564 -0.768046 0.474047 ]

[ -0.0574424 -0.0826793 -0.634149 ]
[ 0.900891 0.400867 -0.166437 ]
[ -0.0627813 0.499768 0.863881 ]
[ 0.429481 -0.767814 0.475403 ]

[ -0.0578969 -0.08167 -0.634008 ]
[ 0.901212 0.400433 -0.165744 ]
[ -0.0638463 0.500948 0.863119 ]
[ 0.42865 -0.767271 0.477027 ]

[ -0.0581976 -0.0804444 -0.634035 ]
[ 0.90219 0.398288 -0.165589 ]
[ -0.0633332 0.502054 0.862514 ]
[ 0.426664 -0.767665 0.478173 ]

[ -0.0593718 -0.079746 -0.633996 ]
[ 0.9028 0.397144 -0.165011 ]
[ -0.0638492 0.503216 0.861798 ]
[ 0.425294 -0.767496 0.479661 ]

[ -0.060139 -0.0787063 -0.634237 ]
[ 0.903402 0.396113 -0.16419 ]
[ -0.0636258 0.502505 0.86223 ]
[ 0.424047 -0.768494 0.479168 ]

[ -0.0609269 -0.0791629 -0.63444 ]
[ 0.903933 0.395279 -0.163277 ]
[ -0.0638194 0.502176 0.862408 ]
[ 0.422886 -0.769138 0.479159 ]

[ -0.0615963 -0.0792069 -0.634663 ]
[ 0.903774 0.395571 -0.163452 ]
[ -0.0640955 0.502667 0.862101 ]
[ 0.423184 -0.768668 0.479652 ]

[ -0.0611186 -0.0787314 -0.634987 ]
[ 0.903844 0.395209 -0.163941 ]
[ -0.0634892 0.502803 0.862066 ]
[ 0.423126 -0.768765 0.479547 ]

[ -0.060867 -0.0788489 -0.635374 ]
[ 0.904399 0.393903 -0.164023 ]
[ -0.0624369 0.502443 0.862353 ]
[ 0.422095 -0.76967 0.479003 ]

[ -0.0613191 -0.0794401 -0.635613 ]
[ 0.904878 0.393472 -0.162403 ]
[ -0.0638196 0.502614 0.862152 ]
[ 0.420859 -0.769778 0.479916 ]

[ -0.0619805 -0.0789547 -0.635938 ]
[ 0.906808 0.390196 -0.159519 ]
[ -0.0641458 0.501736 0.862639 ]
[ 0.416635 -0.772015 0.480008 ]

[ -0.0648496 -0.0795365 -0.636132 ]
[ 0.907298 0.389689 -0.157966 ]
[ -0.0645683 0.500333 0.863422 ]
[ 0.415501 -0.773182 0.479112 ]

[ -0.0654899 -0.0805369 -0.63667 ]
[ 0.90907 0.386892 -0.154618 ]
[ -0.0648873 0.498043 0.864721 ]
[ 0.41156 -0.776059 0.47786 ]

[ -0.0681999 -0.0821046 -0.636862 ]
[ 0.910485 0.384491 -0.152259 ]
[ -0.0649184 0.496508 0.865601 ]
[ 0.408414 -0.778233 0.477024 ]

[ -0.0702799 -0.0832722 -0.637086 ]
[ 0.911196 0.383571 -0.150314 ]
[ -0.0655007 0.495109 0.866358 ]
[ 0.406732 -0.779577 0.476266 ]

[ -0.0712057 -0.084166 -0.63751 ]
[ 0.912934 0.380899 -0.14652 ]
[ -0.0668604 0.493765 0.867021 ]
[ 0.402594 -0.781737 0.476242 ]

[ -0.0738353 -0.0847144 -0.637642 ]
[ 0.913695 0.379874 -0.14442 ]
[ -0.0681781 0.493605 0.86701 ]
[ 0.40064 -0.782337 0.476903 ]

[ -0.074806 -0.0844376 -0.637995 ]
[ 0.913182 0.380477 -0.146069 ]
[ -0.0683241 0.496253 0.865485 ]
[ 0.401784 -0.780366 0.479165 ]

[ -0.0731916 -0.0826794 -0.638628 ]
